  cagr = (final / e0) ** (1 / years) - 1 if years > 0 and final > 0 else np.nan
  cagr = (final / e0) ** (1 / years) - 1 if years > 0 and final > 0 else np.nan
  cagr = (final / e0) ** (1 / years) - 1 if years > 0 and final > 0 else np.nan
  cagr = (final / e0) ** (1 / years) - 1 if years > 0 and final > 0 else np.nan
  cagr = (final / e0) ** (1 / years) - 1 if years > 0 and final > 0 else np.nan
  cagr = (final / e0) ** (1 / years) - 1 if years > 0 and final > 0 else np.nan
  cagr = (final / e0) ** (1 / years) - 1 if years > 0 and final > 0 else np.nan
  cagr = (final / e0) ** (1 / years) - 1 if years > 0 and final > 0 else np.nan
asia: 648 runs in 125s
--- top by dev sharpe
     rng_end  trade_end sl_mode  sl_k  tp_k  trend_filter  flat_h  dev_trades_per_year  dev_winrate  dev_pf  dev_avg_r  dev_sharpe  dev_maxdd  r_12-15  r_16-19  r_20-23  hold_trades_per_year  hold_winrate  hold_pf  hold_avg_r  hold_sharpe
566        7         12     atr   1.0   1.0            20     NaN               68.480        0.713   1.145      0.043       0.472      0.049    0.115    0.022    0.011                66.474         0.714    1.361       0.106        1.071
568        7         12     atr   1.0   1.0            50     NaN               68.730        0.712   1.140      0.041       0.445      0.045    0.051    0.049    0.029                71.588         0.740    1.493       0.133        1.414
63         5         10     atr   1.0   1.0            20    20.0               64.810        0.624   1.135      0.027       0.406      0.043    0.024    0.051    0.007                82.180         0.613    1.079       0.017        0.271
229        6         10   range   0.5   2.0             0    20.0              135.375        0.256   0.841     -0.122       0.395      1.056   -0.120   -0.128   -0.117               149.019         0.355    1.180       0.111        0.835
494        7         10     atr   1.0   1.0            20     NaN               57.637        0.711   1.121      0.036       0.360      0.068    0.101    0.013    0.013                54.786         0.733    1.484       0.132        1.218
295        6         12   range   0.5   1.0             0    20.0              150.639        0.321   0.823     -0.125       0.357      1.151   -0.116   -0.105   -0.149               168.011         0.404    1.133       0.077        0.270
438        7         10   range   0.5   1.0             0     NaN              126.867        0.304   0.823     -0.130       0.357      1.007   -0.158   -0.077   -0.158               122.356         0.343    1.016       0.012       -0.153
65         5         10     atr   1.0   1.0            50    20.0               65.227        0.611   1.117      0.023       0.353      0.038   -0.007    0.057    0.014                87.293         0.611    1.098       0.022        0.342
69         5         10     atr   1.0   2.0            20    20.0               64.810        0.535   1.120      0.028       0.352      0.073    0.039    0.027    0.026                82.180         0.564    1.096       0.023        0.321
135        5         12     atr   1.0   1.0            20    20.0               73.401        0.612   1.107      0.021       0.349      0.045    0.023    0.047   -0.002                91.311         0.612    1.092       0.019        0.327
496        7         10     atr   1.0   1.0            50     NaN               57.803        0.710   1.118      0.035       0.346      0.041    0.042    0.024    0.045                59.535         0.748    1.581       0.150        1.464
134        5         12     atr   1.0   1.0            20     NaN               63.976        0.724   1.107      0.030       0.343      0.079    0.073    0.016    0.017                78.162         0.710    1.183       0.052        0.615
141        5         12     atr   1.0   2.0            20    20.0               73.401        0.530   1.108      0.025       0.340      0.073    0.040    0.025    0.018                91.311         0.568    1.128       0.030        0.438
137        5         12     atr   1.0   1.0            50    20.0               74.235        0.602   1.102      0.020       0.332      0.039   -0.005    0.054    0.008                97.520         0.614    1.122       0.026        0.439
32         5         10   range   1.0   2.0            20     NaN               58.137        0.366   1.098      0.064       0.314      0.100   -0.008    0.043    0.139                70.127         0.391    1.245       0.148        0.825
--- top by worst-era avgR (dev only)
     rng_end  trade_end sl_mode  sl_k  tp_k  trend_filter  flat_h  dev_trades_per_year  dev_winrate  dev_pf  dev_avg_r  dev_sharpe  dev_maxdd  r_12-15  r_16-19  r_20-23  hold_trades_per_year  hold_winrate  hold_pf  hold_avg_r  hold_sharpe  robust
105        5         12   range   1.0   2.0            20    20.0               73.401        0.438   1.081      0.041       0.286      0.092    0.041    0.039    0.045                91.311         0.512    1.261       0.104        0.864   0.039
33         5         10   range   1.0   2.0            20    20.0               64.810        0.439   1.094      0.048       0.306      0.097    0.035    0.043    0.064                82.180         0.516    1.273       0.109        0.859   0.035
104        5         12   range   1.0   2.0            20     NaN               64.643        0.360   1.071      0.047       0.257      0.104    0.030    0.033    0.073                76.701         0.376    1.169       0.104        0.610   0.030
568        7         12     atr   1.0   1.0            50     NaN               68.730        0.712   1.140      0.041       0.445      0.045    0.051    0.049    0.029                71.588         0.740    1.493       0.133        1.414   0.029
69         5         10     atr   1.0   2.0            20    20.0               64.810        0.535   1.120      0.028       0.352      0.073    0.039    0.027    0.026                82.180         0.564    1.096       0.023        0.321   0.026
98         5         12   range   1.0   1.0            20     NaN               70.232        0.527   1.072      0.035       0.282      0.087    0.049    0.036    0.024                87.658         0.525    1.083       0.036        0.353   0.024
496        7         10     atr   1.0   1.0            50     NaN               57.803        0.710   1.118      0.035       0.346      0.041    0.042    0.024    0.045                59.535         0.748    1.581       0.150        1.464   0.024
26         5         10   range   1.0   1.0            20     NaN               62.391        0.531   1.087      0.042       0.311      0.062    0.022    0.046    0.052                79.258         0.530    1.107       0.047        0.427   0.022
141        5         12     atr   1.0   2.0            20    20.0               73.401        0.530   1.108      0.025       0.340      0.073    0.040    0.025    0.018                91.311         0.568    1.128       0.030        0.438   0.018
62         5         10     atr   1.0   1.0            20     NaN               57.720        0.724   1.103      0.029       0.314      0.075    0.059    0.024    0.016                70.492         0.715    1.220       0.061        0.686   0.016
134        5         12     atr   1.0   1.0            20     NaN               63.976        0.724   1.107      0.030       0.343      0.079    0.073    0.016    0.017                78.162         0.710    1.183       0.052        0.615   0.016
352        6         12     atr   1.0   1.0            50     NaN               68.480        0.710   1.078      0.023       0.262      0.066    0.025    0.034    0.014                80.353         0.705    1.216       0.064        0.735   0.014
278        6         10     atr   1.0   1.0            20     NaN               59.722        0.712   1.086      0.025       0.270      0.083    0.060    0.013    0.016                66.474         0.714    1.335       0.095        0.958   0.013
494        7         10     atr   1.0   1.0            20     NaN               57.637        0.711   1.121      0.036       0.360      0.068    0.101    0.013    0.013                54.786         0.733    1.484       0.132        1.218   0.013
64         5         10     atr   1.0   1.0            50     NaN               58.637        0.720   1.081      0.023       0.252      0.070    0.017    0.040    0.013                74.875         0.712    1.182       0.052        0.605   0.013
