bbfade: 144 runs in 17s
--- top by dev sharpe
    tf   n    k  adx_max  sl_atr  max_hold  dev_trades_per_year  dev_winrate  dev_pf  dev_avg_r  dev_sharpe  dev_maxdd  r_12-15  r_16-19  r_20-23  hold_trades_per_year  hold_winrate  hold_pf  hold_avg_r  hold_sharpe
44  H1  50  2.0      100     1.5        12              277.173        0.370   0.740     -0.154       0.388      2.343   -0.143   -0.211   -0.104               289.272         0.386    0.855      -0.083        0.953
4   H1  20  2.0       25     1.5        12              240.305        0.379   0.731     -0.161       0.383      2.346   -0.177   -0.192   -0.115               235.947         0.384    0.781      -0.127        1.608
1   H1  20  2.0       20     1.5        48              141.214        0.393   0.741     -0.162       0.353      1.400   -0.182   -0.180   -0.123               143.906         0.378    0.734      -0.167        1.425
68  H1  50  3.0      100     1.5        12               86.580        0.359   0.630     -0.216       0.263      1.106   -0.233   -0.261   -0.146                66.839         0.366    0.736      -0.154        0.949
9   H1  20  2.0      100     1.5        48              443.743        0.404   0.763     -0.147       0.195      3.663   -0.139   -0.198   -0.104               417.107         0.408    0.842      -0.094        1.458
45  H1  50  2.0      100     1.5        48              270.667        0.302   0.789     -0.156       0.179      2.281   -0.141   -0.190   -0.132               282.332         0.322    0.892      -0.074        0.753
41  H1  50  2.0       25     1.5        48              124.532        0.303   0.762     -0.174       0.134      1.347   -0.178   -0.215   -0.129               128.931         0.329    0.884      -0.079        0.533
85  H4  20  2.5       20     1.5        48               17.016        0.466   1.071      0.039       0.134      0.049    0.020   -0.041    0.148                16.801         0.370    0.636      -0.221       -0.699
84  H4  20  2.5       20     1.5        12               17.016        0.466   1.062      0.033       0.117      0.044    0.002   -0.047    0.156                16.801         0.348    0.618      -0.225       -0.720
57  H1  50  2.5      100     1.5        48              160.732        0.279   0.709     -0.222       0.053      1.975   -0.215   -0.283   -0.166               152.671         0.297    0.785      -0.153        1.152
10  H1  20  2.0      100     3.0        12              334.976        0.488   0.768     -0.083       0.040      1.599   -0.078   -0.117   -0.055               320.683         0.516    0.852      -0.050        1.148
69  H1  50  3.0      100     1.5        48               86.580        0.258   0.645     -0.280       0.032      1.436   -0.288   -0.337   -0.204                66.839         0.262    0.674      -0.242        1.113
33  H1  20  3.0      100     1.5        48              105.431        0.365   0.711     -0.189       0.017      1.152   -0.179   -0.306   -0.098                75.605         0.353    0.781      -0.143        0.814
7   H1  20  2.0       25     3.0        48              184.504        0.537   0.751     -0.098       0.002      1.111   -0.109   -0.120   -0.066               181.891         0.568    0.791      -0.079        1.235
73  H4  20  2.0       20     1.5        48               31.446        0.456   0.991     -0.006      -0.006      0.175    0.013   -0.180    0.154                32.507         0.427    0.837      -0.094       -0.407
--- top by worst-era avgR (dev only)
     tf   n    k  adx_max  sl_atr  max_hold  dev_trades_per_year  dev_winrate  dev_pf  dev_avg_r  dev_sharpe  dev_maxdd  r_12-15  r_16-19  r_20-23  hold_trades_per_year  hold_winrate  hold_pf  hold_avg_r  hold_sharpe  robust
87   H4  20  2.5       20     3.0        48               15.514        0.602   0.980     -0.007      -0.026      0.036   -0.017   -0.013    0.011                15.340         0.500    0.671      -0.120       -0.589  -0.017
85   H4  20  2.5       20     1.5        48               17.016        0.466   1.071      0.039       0.134      0.049    0.020   -0.041    0.148                16.801         0.370    0.636      -0.221       -0.699  -0.041
84   H4  20  2.5       20     1.5        12               17.016        0.466   1.062      0.033       0.117      0.044    0.002   -0.047    0.156                16.801         0.348    0.618      -0.225       -0.720  -0.047
86   H4  20  2.5       20     3.0        12               15.598        0.556   0.925     -0.025      -0.120      0.044   -0.053   -0.050    0.031                15.340         0.500    0.746      -0.077       -0.398  -0.053
91   H4  20  2.5       25     3.0        48               25.524        0.592   0.895     -0.038      -0.215      0.079   -0.044   -0.053   -0.019                24.106         0.439    0.544      -0.210       -1.208  -0.053
90   H4  20  2.5       25     3.0        12               25.690        0.529   0.889     -0.037      -0.230      0.082   -0.049   -0.065   -0.004                24.471         0.448    0.586      -0.170       -1.038  -0.065
75   H4  20  2.0       20     3.0        48               26.858        0.599   0.943     -0.020      -0.114      0.091    0.021   -0.082    0.005                27.758         0.566    0.760      -0.089       -0.595  -0.082
89   H4  20  2.5       25     1.5        48               29.110        0.433   0.964     -0.021      -0.070      0.117    0.005   -0.082    0.007                26.663         0.315    0.575      -0.288       -1.148  -0.082
98   H4  20  3.0       20     3.0        12                6.256        0.547   0.857     -0.050      -0.157      0.029   -0.089   -0.037   -0.023                 5.113         0.286    0.354      -0.292       -0.901  -0.089
88   H4  20  2.5       25     1.5        12               29.110        0.424   0.961     -0.022      -0.075      0.131   -0.017   -0.092    0.033                26.663         0.315    0.575      -0.277       -1.129  -0.092
95   H4  20  2.5      100     3.0        48               41.538        0.548   0.784     -0.084      -0.583      0.228   -0.094   -0.093   -0.063                36.889         0.465    0.604      -0.179       -1.231  -0.094
115  H4  50  2.0       25     3.0        48               22.437        0.532   0.914     -0.041      -0.178      0.080    0.006   -0.099   -0.025                21.549         0.458    0.689      -0.177       -0.728  -0.099
110  H4  50  2.0       20     3.0        12               13.429        0.484   0.777     -0.086      -0.370      0.075   -0.060   -0.092   -0.102                13.514         0.432    0.624      -0.157       -0.639  -0.102
22   H1  20  2.5      100     3.0        12              198.016        0.479   0.762     -0.086      -0.299      0.996   -0.103   -0.106   -0.049               172.394         0.498    0.840      -0.055       -0.392  -0.106
74   H4  20  2.0       20     3.0        12               27.108        0.560   0.905     -0.031      -0.200      0.107    0.008   -0.110    0.010                28.124         0.558    0.787      -0.073       -0.505  -0.110
