donch: 432 runs in 46s
--- top by dev sharpe
     tf  n_entry  sl_atr  p_trail_r  p_trail_start sides  dev_trades_per_year  dev_winrate  dev_pf  dev_avg_r  dev_sharpe  dev_maxdd  r_12-15  r_16-19  r_20-23  hold_trades_per_year  hold_winrate  hold_pf  hold_avg_r  hold_sharpe
257  H4       55     1.5        2.0            0.0  both               32.530        0.341   1.260      0.157       0.453      0.095    0.217    0.130    0.126                35.794         0.306    1.430       0.238        0.716
259  H4       55     1.5        2.0            1.0  both               32.530        0.341   1.260      0.157       0.453      0.095    0.217    0.130    0.126                35.794         0.306    1.430       0.238        0.716
373  D1       40     2.5        1.0            0.0  both                5.588        0.418   1.742      0.210       0.416      0.022    0.165    0.245    0.221                 5.479         0.733    6.505       1.020        1.732
409  D1       55     2.5        1.0            0.0  both                5.088        0.410   1.684      0.190       0.377      0.021    0.124    0.314    0.144                 5.113         0.643    6.143       0.948        1.616
265  H4       55     2.5        1.0            0.0  both               33.197        0.392   1.193      0.072       0.365      0.071    0.081    0.103    0.015                36.524         0.430    1.427       0.125        0.719
223  H4       40     1.5        2.0            1.0  both               38.119        0.326   1.180      0.111       0.354      0.124    0.165    0.067    0.102                37.620         0.369    1.702       0.358        1.014
221  H4       40     1.5        2.0            0.0  both               38.119        0.326   1.180      0.111       0.354      0.124    0.165    0.067    0.102                37.620         0.369    1.702       0.358        1.014
207  H4       20     4.0        1.0            1.0  both               21.353        0.520   1.221      0.106       0.334      0.066    0.048    0.174    0.099                24.106         0.515    1.108       0.054        0.232
243  H4       40     4.0        1.0            1.0  both               19.435        0.515   1.212      0.098       0.321      0.046    0.106    0.068    0.118                19.723         0.500    1.445       0.215        0.695
185  H4       20     1.5        2.0            0.0  both               51.464        0.319   1.135      0.084       0.320      0.143    0.058    0.186    0.023                51.864         0.401    1.567       0.307        1.040
187  H4       20     1.5        2.0            1.0  both               51.464        0.319   1.135      0.084       0.320      0.143    0.058    0.186    0.023                51.864         0.401    1.567       0.307        1.040
269  H4       55     2.5        2.0            0.0  both               21.603        0.328   1.210      0.130       0.315      0.076    0.157   -0.079    0.324                24.471         0.269    1.429       0.283        0.687
271  H4       55     2.5        2.0            1.0  both               21.603        0.328   1.210      0.130       0.315      0.076    0.157   -0.079    0.324                24.471         0.269    1.429       0.283        0.687
258  H4       55     1.5        2.0            1.0  long               17.766        0.347   1.244      0.152       0.312      0.078   -0.149    0.166    0.351                23.010         0.397    2.376       0.641        1.337
256  H4       55     1.5        2.0            0.0  long               17.766        0.347   1.244      0.152       0.312      0.078   -0.149    0.166    0.351                23.010         0.397    2.376       0.641        1.337
--- top by worst-era avgR (dev only)
     tf  n_entry  sl_atr  p_trail_r  p_trail_start sides  dev_trades_per_year  dev_winrate  dev_pf  dev_avg_r  dev_sharpe  dev_maxdd  r_12-15  r_16-19  r_20-23  hold_trades_per_year  hold_winrate  hold_pf  hold_avg_r  hold_sharpe  robust
373  D1       40     2.5        1.0            0.0  both                5.588        0.418   1.742      0.210       0.416      0.022    0.165    0.245    0.221                 5.479         0.733    6.505       1.020        1.732   0.165
259  H4       55     1.5        2.0            1.0  both               32.530        0.341   1.260      0.157       0.453      0.095    0.217    0.130    0.126                35.794         0.306    1.430       0.238        0.716   0.126
257  H4       55     1.5        2.0            0.0  both               32.530        0.341   1.260      0.157       0.453      0.095    0.217    0.130    0.126                35.794         0.306    1.430       0.238        0.716   0.126
409  D1       55     2.5        1.0            0.0  both                5.088        0.410   1.684      0.190       0.377      0.021    0.124    0.314    0.144                 5.113         0.643    6.143       0.948        1.616   0.124
243  H4       40     4.0        1.0            1.0  both               19.435        0.515   1.212      0.098       0.321      0.046    0.106    0.068    0.118                19.723         0.500    1.445       0.215        0.695   0.068
223  H4       40     1.5        2.0            1.0  both               38.119        0.326   1.180      0.111       0.354      0.124    0.165    0.067    0.102                37.620         0.369    1.702       0.358        1.014   0.067
221  H4       40     1.5        2.0            0.0  both               38.119        0.326   1.180      0.111       0.354      0.124    0.165    0.067    0.102                37.620         0.369    1.702       0.358        1.014   0.067
207  H4       20     4.0        1.0            1.0  both               21.353        0.520   1.221      0.106       0.334      0.066    0.048    0.174    0.099                24.106         0.515    1.108       0.054        0.232   0.048
191  H4       20     1.5        3.0            1.0  both               40.120        0.237   1.101      0.076       0.221      0.143    0.092    0.034    0.099                38.716         0.321    1.799       0.526        1.145   0.034
189  H4       20     1.5        3.0            0.0  both               40.120        0.237   1.101      0.076       0.221      0.143    0.092    0.034    0.099                38.716         0.321    1.799       0.526        1.145   0.034
267  H4       55     2.5        1.0            1.0  both               29.444        0.493   1.155      0.078       0.311      0.069    0.107    0.067    0.032                33.237         0.505    1.172       0.070        0.361   0.032
399  D1       55     1.5        1.0            1.0  both                7.006        0.524   1.327      0.155       0.302      0.032    0.031    0.133    0.295                 8.035         0.773    4.522       0.804        1.486   0.031
337  D1       20     2.5        1.0            0.0  both                8.925        0.355   1.250      0.089       0.232      0.032    0.092    0.028    0.151                 9.496         0.538    2.153       0.431        1.080   0.028
187  H4       20     1.5        2.0            1.0  both               51.464        0.319   1.135      0.084       0.320      0.143    0.058    0.186    0.023                51.864         0.401    1.567       0.307        1.040   0.023
185  H4       20     1.5        2.0            0.0  both               51.464        0.319   1.135      0.084       0.320      0.143    0.058    0.186    0.023                51.864         0.401    1.567       0.307        1.040   0.023
