sweepr: 288 runs in 40s
--- top by dev sharpe
      tf  sl_buf_atr  tp_r      sess  min_sweep_atr  max_sweep_atr  dev_trades_per_year  dev_winrate  dev_pf  dev_avg_r  dev_sharpe  dev_maxdd  r_12-15  r_16-19  r_20-23  hold_trades_per_year  hold_winrate  hold_pf  hold_avg_r  hold_sharpe
66   M15         0.5   1.0   (0, 24)           0.30            1.0              292.520        0.419   0.648     -0.223       0.473      3.502   -0.169   -0.255   -0.239               286.350         0.460    0.820      -0.100        1.425
77   M15         0.5   1.5   (0, 24)           0.05            2.0              378.433        0.353   0.745     -0.182       0.472      3.631   -0.152   -0.210   -0.182               355.016         0.386    0.908      -0.058        0.820
17   M15         0.2   1.0   (0, 24)           0.05            2.0              508.053        0.400   0.590     -0.282       0.465      7.372   -0.259   -0.333   -0.254               477.737         0.469    0.842      -0.089        1.685
53   M15         0.5   0.7   (0, 24)           0.05            2.0              469.934        0.497   0.618     -0.212       0.389      5.368   -0.182   -0.257   -0.195               452.170         0.562    0.859      -0.064        1.417
98   M15         1.0   0.7   (7, 17)           0.30            1.0              163.067        0.526   0.715     -0.143       0.372      1.320   -0.110   -0.163   -0.154               150.845         0.554    0.845      -0.070        0.903
25   M15         0.2   1.5   (7, 17)           0.05            2.0              275.087        0.344   0.720     -0.207       0.372      2.938   -0.191   -0.212   -0.217               242.886         0.371    0.851      -0.097        1.096
92   M15         0.5   2.5  (12, 20)           0.05            1.0              147.136        0.253   0.781     -0.179       0.370      1.456   -0.101   -0.197   -0.227               155.228         0.264    0.857      -0.112        0.829
113  M15         1.0   1.0   (0, 24)           0.05            2.0              340.064        0.462   0.789     -0.122       0.366      2.314   -0.104   -0.128   -0.133               325.796         0.491    0.934      -0.035        0.591
51   M15         0.5   0.7   (7, 17)           0.30            2.0              215.532        0.514   0.675     -0.171       0.359      2.038   -0.158   -0.210   -0.147               197.231         0.563    0.873      -0.056        0.856
34   M15         0.2   1.5  (12, 20)           0.30            1.0              136.459        0.330   0.674     -0.241       0.355      1.794   -0.219   -0.273   -0.230               132.218         0.370    0.840      -0.106        0.888
22   M15         0.2   1.0  (12, 20)           0.30            1.0              140.797        0.411   0.630     -0.240       0.352      1.852   -0.239   -0.301   -0.184               138.427         0.441    0.754      -0.143        1.425
69   M15         0.5   1.0  (12, 20)           0.05            2.0              191.260        0.452   0.753     -0.147       0.324      1.563   -0.139   -0.156   -0.145               185.543         0.476    0.874      -0.069        0.858
103  M15         1.0   0.7   (0, 24)           0.30            2.0              304.198        0.532   0.728     -0.136       0.323      2.320   -0.120   -0.139   -0.147               297.673         0.568    0.891      -0.048        0.872
88   M15         0.5   2.5   (0, 24)           0.05            1.0              319.128        0.250   0.761     -0.199       0.322      3.280   -0.131   -0.247   -0.208               315.204         0.263    0.860      -0.109        1.089
24   M15         0.2   1.5   (7, 17)           0.05            1.0              263.660        0.331   0.673     -0.248       0.317      3.329   -0.212   -0.297   -0.235               233.390         0.351    0.775      -0.151        1.663
--- top by worst-era avgR (dev only)
     tf  sl_buf_atr  tp_r      sess  min_sweep_atr  max_sweep_atr  dev_trades_per_year  dev_winrate  dev_pf  dev_avg_r  dev_sharpe  dev_maxdd  r_12-15  r_16-19  r_20-23  hold_trades_per_year  hold_winrate  hold_pf  hold_avg_r  hold_sharpe  robust
252  H1         1.0   1.0   (7, 17)           0.05            1.0              112.437        0.497   0.937     -0.033      -0.271      0.269   -0.052   -0.039   -0.009               101.537         0.496    0.952      -0.021       -0.177  -0.052
181  H1         0.2   2.5   (7, 17)           0.05            2.0              120.445        0.289   0.945     -0.043      -0.200      0.307   -0.032   -0.052   -0.045               114.321         0.310    1.088       0.060        0.393  -0.052
265  H1         1.0   1.5   (7, 17)           0.05            2.0              102.678        0.396   0.926     -0.047      -0.300      0.297   -0.055   -0.033   -0.052                94.598         0.429    1.087       0.053        0.363  -0.055
240  H1         1.0   0.7   (7, 17)           0.05            1.0              122.613        0.573   0.886     -0.051      -0.557      0.388   -0.057   -0.044   -0.049               111.764         0.575    0.915      -0.035       -0.356  -0.057
207  H1         0.5   1.0   (7, 17)           0.30            2.0              115.023        0.489   0.900     -0.054      -0.469      0.379   -0.063   -0.031   -0.064                97.520         0.461    0.824      -0.095       -0.740  -0.064
264  H1         1.0   1.5   (7, 17)           0.05            1.0               97.340        0.397   0.931     -0.044      -0.262      0.304   -0.057   -0.066   -0.008                91.311         0.436    1.120       0.073        0.481  -0.066
258  H1         1.0   1.0   (0, 24)           0.30            1.0              118.109        0.483   0.879     -0.065      -0.596      0.497   -0.062   -0.063   -0.069               115.051         0.495    0.956      -0.020       -0.161  -0.069
248  H1         1.0   0.7  (12, 20)           0.05            1.0               96.422        0.572   0.864     -0.061      -0.631      0.386   -0.055   -0.059   -0.070                97.520         0.592    0.975      -0.009       -0.062  -0.070
253  H1         1.0   1.0   (7, 17)           0.05            2.0              123.531        0.494   0.925     -0.040      -0.342      0.333   -0.070   -0.015   -0.034               108.477         0.502    0.975      -0.011       -0.072  -0.070
255  H1         1.0   1.0   (7, 17)           0.30            2.0              102.845        0.484   0.891     -0.059      -0.484      0.400   -0.074   -0.038   -0.062                85.467         0.487    0.919      -0.040       -0.282  -0.074
280  H1         1.0   2.5   (0, 24)           0.05            1.0              102.595        0.287   0.938     -0.047      -0.225      0.420   -0.074   -0.027   -0.040               104.094         0.323    1.157       0.105        0.667  -0.074
242  H1         1.0   0.7   (7, 17)           0.30            1.0               92.752        0.568   0.867     -0.060      -0.567      0.354   -0.075   -0.053   -0.050                80.353         0.555    0.840      -0.071       -0.616  -0.075
244  H1         1.0   0.7   (0, 24)           0.05            1.0              180.000        0.567   0.861     -0.063      -0.866      0.689   -0.047   -0.064   -0.076               187.004         0.590    0.977      -0.009       -0.053  -0.076
183  H1         0.2   2.5   (7, 17)           0.30            2.0               99.675        0.290   0.955     -0.035      -0.145      0.262    0.018   -0.076   -0.042                86.197         0.305    1.062       0.043        0.234  -0.076
171  H1         0.2   1.5   (7, 17)           0.30            2.0              113.021        0.390   0.902     -0.064      -0.434      0.436   -0.057   -0.059   -0.076                96.424         0.379    0.887      -0.073       -0.429  -0.076
