  cagr = (final / e0) ** (1 / years) - 1 if years > 0 and final > 0 else np.nan
trendpb: 288 runs in 33s
--- top by dev sharpe
     tf  fast  slow htf  sl_atr  tp_r  touch_atr  dev_trades_per_year  dev_winrate  dev_pf  dev_avg_r  dev_sharpe  dev_maxdd  r_12-15  r_16-19  r_20-23  hold_trades_per_year  hold_winrate  hold_pf  hold_avg_r  hold_sharpe
74   H1    20    50  H4     1.0   2.0        0.0              294.355        0.306   0.816     -0.137       0.431      2.309   -0.123   -0.193   -0.095               275.393         0.338    0.977      -0.016        0.205
111  H1    20   100  H4     1.0   2.0        0.5              424.142        0.306   0.818     -0.136       0.423      3.199   -0.129   -0.180   -0.099               405.419         0.339    0.979      -0.014        0.209
228  H4    20    50  H4     3.0   1.0        0.0               38.119        0.556   1.160      0.075       0.416      0.079    0.050    0.035    0.142                37.620         0.505    0.981      -0.017       -0.025
158  H4    10    50  H4     3.0   2.0        0.0               24.773        0.394   1.177      0.113       0.372      0.097    0.161    0.045    0.145                27.393         0.440    1.450       0.246        0.837
38   H1    10   100  H4     1.0   2.0        0.0              450.082        0.306   0.819     -0.134       0.359      3.311   -0.127   -0.170   -0.105               452.901         0.343    1.000      -0.000        0.023
109  H1    20   100  H4     1.0   1.0        0.5              570.777        0.451   0.755     -0.143       0.342      4.449   -0.134   -0.186   -0.111               573.065         0.491    0.924      -0.040        0.849
282  H4    20   100  D1     3.0   1.0        0.0               33.197        0.548   1.129      0.061       0.319      0.063    0.054    0.041    0.087                31.776         0.552    1.181       0.067        0.438
246  H4    20    50  D1     3.0   1.0        0.0               31.779        0.549   1.131      0.062       0.315      0.065    0.048    0.038    0.100                29.950         0.549    1.171       0.066        0.407
57   H1    10   100  D1     1.0   2.0        0.5              417.386        0.307   0.823     -0.131       0.306      3.101   -0.141   -0.167   -0.085               424.777         0.342    0.993      -0.005        0.094
194  H4    10   100  H4     3.0   2.0        0.0               26.274        0.384   1.136      0.090       0.305      0.098    0.112    0.003    0.168                29.585         0.407    1.234       0.152        0.498
242  H4    20    50  D1     2.0   2.0        0.0               33.114        0.378   1.122      0.081       0.299      0.101    0.101   -0.065    0.207                34.333         0.426    1.395       0.227        0.901
177  H4    10    50  D1     3.0   2.0        0.5               21.103        0.387   1.147      0.096       0.292      0.074    0.046    0.051    0.164                29.585         0.506    1.849       0.437        1.449
230  H4    20    50  H4     3.0   2.0        0.0               22.437        0.390   1.152      0.098       0.291      0.088   -0.018    0.033    0.342                26.297         0.403    1.261       0.144        0.553
5    H1    10    50  H4     1.0   3.0        0.5              418.970        0.231   0.835     -0.137       0.284      3.274   -0.127   -0.188   -0.092               419.664         0.267    1.042       0.030       -0.312
231  H4    20    50  H4     3.0   2.0        0.5               23.939        0.387   1.130      0.089       0.265      0.095   -0.019    0.076    0.248                30.680         0.393    1.194       0.122        0.480
--- top by worst-era avgR (dev only)
     tf  fast  slow htf  sl_atr  tp_r  touch_atr  dev_trades_per_year  dev_winrate  dev_pf  dev_avg_r  dev_sharpe  dev_maxdd  r_12-15  r_16-19  r_20-23  hold_trades_per_year  hold_winrate  hold_pf  hold_avg_r  hold_sharpe  robust
177  H4    10    50  D1     3.0   2.0        0.5               21.103        0.387   1.147      0.096       0.292      0.074    0.046    0.051    0.164                29.585         0.506    1.849       0.437        1.449   0.046
158  H4    10    50  H4     3.0   2.0        0.0               24.773        0.394   1.177      0.113       0.372      0.097    0.161    0.045    0.145                27.393         0.440    1.450       0.246        0.837   0.045
282  H4    20   100  D1     3.0   1.0        0.0               33.197        0.548   1.129      0.061       0.319      0.063    0.054    0.041    0.087                31.776         0.552    1.181       0.067        0.438   0.041
246  H4    20    50  D1     3.0   1.0        0.0               31.779        0.549   1.131      0.062       0.315      0.065    0.048    0.038    0.100                29.950         0.549    1.171       0.066        0.407   0.038
228  H4    20    50  H4     3.0   1.0        0.0               38.119        0.556   1.160      0.075       0.416      0.079    0.050    0.035    0.142                37.620         0.505    0.981      -0.017       -0.025   0.035
156  H4    10    50  H4     3.0   1.0        0.0               46.209        0.538   1.087      0.042       0.262      0.080    0.021    0.018    0.090                49.308         0.533    1.094       0.037        0.291   0.018
212  H4    10   100  D1     3.0   2.0        0.0               23.605        0.378   1.109      0.070       0.229      0.070    0.093    0.007    0.122                27.028         0.486    1.726       0.381        1.289   0.007
247  H4    20    50  D1     3.0   1.0        0.5               38.119        0.527   1.039      0.020       0.116      0.118    0.049    0.004    0.004                35.429         0.536    1.095       0.034        0.265   0.004
194  H4    10   100  H4     3.0   2.0        0.0               26.274        0.384   1.136      0.090       0.305      0.098    0.112    0.003    0.168                29.585         0.407    1.234       0.152        0.498   0.003
238  H4    20    50  D1     1.0   3.0        0.0               59.972        0.273   1.050      0.038       0.182      0.201    0.072    0.042    0.003                55.152         0.285    1.134       0.098        0.388   0.003
229  H4    20    50  H4     3.0   1.0        0.5               44.208        0.538   1.077      0.039       0.235      0.105    0.058    0.003    0.054                44.194         0.521    1.047       0.014        0.169   0.003
213  H4    10   100  D1     3.0   2.0        0.5               22.187        0.376   1.096      0.062       0.207      0.075    0.047    0.001    0.128                31.046         0.471    1.597       0.333        1.118   0.001
239  H4    20    50  D1     1.0   3.0        0.5               78.823        0.268   1.023      0.018       0.117      0.213    0.056    0.006   -0.006                74.144         0.291    1.169       0.122        0.549  -0.006
164  H4    10    50  D1     1.0   2.0        0.0               96.089        0.349   1.016      0.011       0.096      0.153   -0.008   -0.002    0.040               102.633         0.409    1.311       0.190        1.174  -0.008
157  H4    10    50  H4     3.0   1.0        0.5               54.801        0.531   1.062      0.029       0.211      0.081    0.004   -0.008    0.089                58.804         0.547    1.124       0.061        0.398  -0.008
